1354600100
1354600200
1354600300
1354600400
1354600500
1354600600
1354600700
1354600800
1354600900
1354601000
1354601100
1354601200
1354601300
1354601400
1354601500
1354601600
1354601700
1354601800
1354601900
1354602000
1354602100
1354602200
1354602300
1354602400
1354602500
1354602600
1354602700
1354602800
1354602900
1354603000
1354603100
1354603200
1354603300
1354603400
1354603500
1354603600
1354603700
1354603800
1354603900
1354604000
1354604100
1354604200
1354604300
1354604400
1354604500
1354604600
1354604700
1354604800
1354604900
1354605000
1354605100
1354605200
1354605300
1354700100
1354700200
1354700300
1354700400
1354700500
1354700600
1354700700
1354700800
1354700900
1354701000
1354701100
1354701200
1354701300
1354701400
1354701500
1354701600
1354701700
1354701800
1354701900
1354702000
1354702100
1354702200
1354702300
1354702400
1354702500
1354702600
1354702700
1354702800
1354702900
1354703000
1354703100
1354703200
1354703300
1354703400
1354703500
1354703600
1354703700
1354703800
1354703900
1354704000
1354704100
1354704200
1354704300
1354704400
1354704500
1354704600
1354704700
1354704800
1354704900
1354705000
1354705100
1354800100
1354800200
1354800300
1354800400
1354800500
1354800600
1354800700
1354800800
1354800900
1354801000
1354801100
1354801200
1354801300
1354801400
1354801500
1354801600
1354801700
1354801800
1354801900
1354802000
1354802100
1354802200
1354802300
1354802400
1354802500
1354802600
1354802700
1354802800
1354802900
1354803000
1354803100
1354803200
1354803300
1354803400
1354900100
1354900200
1354900300
1354900400
1354900500
1354900600
1354900700
1354900800
1354900900
1354901000
1354901100
1354901200
1354901300
1354901400
1354901500
1354901600
1354901700
1354901800
1354901900
1354902000
1354902100
1354902200
1354902300
1354902400
1354902500
1354902600
1354902700
1354902800
1354902900
1354903000
1354903100
1354903200
1354903300
1354903400
1354903500
1354903600
1354903700
1354903800
1355000100
1355000200
1355000300
1355000400
1355000500
1355000600
1355000700
1355000800
1355000900
1355001000
1355001100
1355001200
1355001300
1355001400
1355001500
1355001600
1355001700
1355001800
1355001900
1355002000
1355002100
1355002200
1355002300
1355002400
1355002500
1355002600
1355002700
1355002800
1355002900
1355003000
1355003100
1355003200
1355003300
1355003400
1355003500
1355003600
1355003700
1355003800
1355003900
1355004000
1355004100
1355004200
1355004300
1355100100
1355100200
1355100300
1355100400
1355100500
1355100600
1355100700
1355100800
1355100900
1355101000
1355101100
1355101200
1355101300
1355101400
1355101500
1355101600
1355101700
1355101800
1355101900
1355102000
1355102100
1355102200
1355102300
1355102400
1355102500
1355102600
1355102700
1355102800
1355102900
1355103000
1355103100
1355103200
1355103300
1355103400
1355103500
1355103600
1355103700
1355103800
1355103900
1355200100
1355200200
1355200300
1355200400
1355200500
1355200600
1355200700
1355200800
1355200900
1355201000
1355201100
1355201200
1355201300
1355201400
1355201500
1355201600
1355300101
1355300102
1355300200
1355400100
1355400200
1355400300
1355400400
1355500100
1355500200
1355500300
1355500400
1355500500
1355500600
1355500700
1355500800
1355500900
1355501000
1355501100
1355501200
1355600100
1355600200
1355600300
1355600400
1355600500
1355600600
1355600700
1355600800
1355600900
1355601000
1355601100
1355601200
1355601300
1355601400
1355601500
1355601600
1355601700
1355601800
1355601900
1355602000
1355602100
1355602200
1355602300
1355602400
1355602500
1355602600
1355602700
1355602800
1355700100
1355700200
1355700300
1355700400
1355700500
1355700600
1355700700
1355700800
1355700900
1355701000
1355701100
1355701200
1355701300
1355701400
1355701500
1355701600
1355701700
1355701800
1355701900
1355702000
1355702100
1355702200
1355702300
1355702400
1355702500
1355702600
1355702700
1355702800
1355702900
1355703000
1355703100
1355703200
1355703300
1355703400
1355703500
1355703600
1355703700
1355703800
1355703900
1355704000
1355704100
1355704200
1355704300
1355704400
1355704500
1355800100
1355800200
1355900100
1355900200
1356000100
1356000200
1356100100
1356100200
1356100300
1356100400
1356100500
1356100600
1356100700
1356100800
1356100900
1356101000
1356101100
1356200100
1356200200
1356200300
1356200400
1356300100
1356300200
1356300300
1356300400
1356300500
1356300600
1356400100
1356400200
1356400300
1356400400
1356400500
1356400600
1356400700
1356400800
1356400900
1356401000
1356401100
1356401200
1356401300
1356401400
1356401500
1356401600
1356401700
1356401800
1356401900
1356402000
1356402100
1356402200
1356402300
1356402400
1356402500
1356402600
1356402700
1356402800
1356402900
1356403000
1356403100
1356403200
1356403300
1356403400
1356403500
1356403600
1356500100
1356500200
1356500300
1356500400
1356500500
1356500600
1356500700
1356500800
1356500900
1356501000
1356501100
1356501200
1356501300
1356501400
1356501500
1356501600
1356501700
1356501800
1356501900
1356502000
1356502100
1356502200
1356502300
1356502400
1356502500
1356502600
1356502700
1356502800
1356502900
1356503000
1356503100
1356503200
1356503300
1356503400
1356503500
1356503600
1356503700
1356503800
1356503900
1356504000
1356504100
1356504200
1356504300
1356504400
1356504500
1356504600
1356504700
1356504800
1356504900
1356505000
1356505100
1356505200
1356505300
1356505400
1356505500
1356505600
1356505700
1356505800
1356505900
1356506000
1356506100
1356506200
1356506300
1356506400
1356506500
1356506600
1356600100
1356600200
1356600300
1356600400
1356600500
1356600600
1356600700
1356600800
1356600900
1356601000
1356601100
1356601200
1356601300
1356601400
1356601500
1356601600
1356601700
1356601800
1356601900
1356602000
1356602100
1356602200
1356602300
1356602400
1356602500
1356602600
1356602700
1356602800
1356602900
1356603000
1356603100
1356603200
1356603300
1356603400
1356603500
1356603600
1356603700
1356603800
1356603900
1356604000
1356604100
1356604200
1356604300
1356604400
1356604500
1356604600
1356604700
1356604800
1356700100
1356700200
1356700300
1356700400
1356700500
1356700600
1356700700
1356700800
1356700900
1356701000
1356701100
1356701200
1356701300
1356701400
1356701500
1356701600
1356701700
1356701800
1356701900
1356702000
1356702100
1356702200
1356702300
1356702400
1356702500
1356702600
1356702700
1356702800
1356702900
1356703000
1356703100
1356703200
1356703300
1356703400
1356703500
1356703600
1356703700
1356703800
1356703900
1356704000
1356704100
1356704200
1356704300
1356704400
1356704500
1356704600
1356704700
1356704800
1356704900
1356705000
1356705100
1356705200
1356800100
1356800200
1356800300
1356800400
1356800500
1356800600
1356800700
1356800800
1356800900
1356801000
1356801100
1356801200
1356801300
1356801400
1356801500
1356801600
1356801700
1356801800
1356801900
1356802000
1356802100
1356802200
1356802300
1356802400
1356802500
1356802600
1356802700
1356802800
1356900100
1356900200
1356900300
1356900400
1356900500
1356900600
1356900700
1356900800
1356900900
1356901000
1356901100
1356901200
1356901300
1356901400
1356901500
1356901600
1356901700
1356901800
1356901900
1356902000
1356902100
1356902200
1356902300
1356902400
1356902500
1357000100
1357000200
1357000300
1357000400
1357000500
1357000600
1357000700
1357000800
1357000900
1357001000
1357001100
1357001200
1357001300
1357001400
1357001500
1357001600
1357001700
1357001800
1357001900
1357002000
1357002100
1357002200
1357002300
1357002400
1357002500
1357002600
1357002700
1357002800
1357002900
1357003000
1357003100
1357003200
1357003300
1357003400
1357003500
1357003600
1357003700
1357003800
1357003900
1357004000
1357004100
1357004200
1357004300
1357004400
1357100100
1357100200
1357100300
1357100400
1357100500
1357100600
1357100700
1357100800
1357100900
1357101000
1357101100
1357101200
1357101300
1357101400
1357101500
1357101600
1357101700
1357101800
1357101900
1357102000
1357102100
1357102200
1357102300
1357102400
1357102500
1357102600
1357102700
1357102800
1357102900
1357103000
1357103100
1357103200
1357103300
1357103400
1357103500
1357103600
1357103700
1357103800
1357103900
1357104000
1357104100
1357104200
1357104300
1357104400
1357104500
1357104600
1357104700
1357104800
1357104900
1357105000
1357105100
1357105200
1357105300
1357105400
1357105500
1357105600
1357105700
1357105800
1357105900
1357106000
1357106100
1357106200
1357106300
1357106400
1357106500
1357106600
1357106700
1357106800
1357106900
1357107000
1357107100
1357107200
1357107300
1357107400
1357107500
1357107600
1357107700
1357107800
1357107900
1357108000
1357108100
1357108200
1357108300
1357108400
1357108500
1357108600
1357108700
1357108800
1357108900
1357109000
1357109100
1357200100
1357200200
1357200300
1357200400
1357200500
1357200600
1357200700
1357200800
1357200900
1357201000
1357201100
1357201200
1357201300
1357201400
1357201500
1357201600
1357201700
1357201800
1357201900
1357202000
1357202100
1357202200
1357202300
1357202400
1357202500
1357202600
1357202700
1357202800
1357202900
1357203000
1357203100
1357203200
1357203300
1357203400
1357203500
1357203600
1357300100
1357300200
1357300300
1357300400
1357300500
1357300600
1357300700
1357300800
1357300900
1357301000
1357301100
1357301200
1357301300
1357301400
1357301500
1357301600
1357301700
1357301800
1357301900
1357302000
1357302100
1357302200
1357302300
1357302400
1357302500
1357302600
1357302700
1357302800
1357302900
1357303000
1357303100
1357303200
1357303300
1357303400
1357303500
1357303600
1357303700
1357303800
1357303900
1357304000
1357304100
1357304200
1357304300
1357304400
1357304500
1357304600
1357304700
1357304800
1357304900
1357305000
1357305100
1357305200
1357305300
1357305400
1357305500
1357305600
1357305700
1357305800
1357305900
1357306000
1357306100
1357306200
1357306300
1357400100
1357400200
1357400300
1357400400
1357400500
1357400600
1357400700
1357400800
1357400900
1357401000
1357401100
1357401200
1357401300
1357401400
1357401500
1357401600
1357401700
1357401800
1357401900
1357402000
1357402100
1357402200
1357402300
1357402400
1357402500
1357402600
1357402700
1357402800
1357500101
1357500102
1357500201
1357500202
1357600100
1357600200
1357600300
1357600400
1357600501
1357600502
1357600503
1357600600
1357600700
1357700100
1357700200
1357700300
1357700400
1357700500
1357700600
1357700700
1357700800
1357700900
1357701000
1357701100
1357701200
1357701300
1357701400
1357701500
1357701600
1357701700
1357701800
1357701900
1357702000
1357702100
1357702200
1357702300
1357702400
1357702500
1357702600
1357702700
1357702800
1357702900
1357703000
1357703100
1357703200
1357703300
1357703400
1357703500
1357703600
1357800100
1357800200
1357800300
1357800400
1357800500
1357900100
1357900200
1357900300
1357900400
1357900500
1357900600
1357900700
1357900800
1357900900
1357901000
1357901100
1357901200
1357901300
1357901400
1357901500
1357901600
1357901700
1357901800
1357901900
1357902000
1357902100
1357902200
1357902300
1357902400
1358000106
1410600101
1410600102
1410600103
1410700100
1410700200
1410700301
1410700302
1410800103
1410800200
1410800300
1410800400
1410800500
1410800600
1410800700
1410800800
1410800900
1410801000
1410801100
1410801200
1410801300
1410900103
1410900200
1410900300
1410900400
1410900500
1410900600
1410900700
1410900800
1410900900
1410901000
1410901100
1410901200
1410901300
1410901400
1410901500
1410901600
1410901700
1410901800
1410901900
1411000101
1411000102
1411100103
1411100104
1411200105
1411200106
1411300100
1411300200
1411300300
1411300400
1411300500
1411300600
1411300700
1411300800
1411300900
1411301000
1411301100
1411301200
1411301300
1411301400
1411301500
1411301600
1411301700
1411301800
1411301900
1411302000
1411302100
1411302200
1411302300
1411302400
1411302500
1411302600
1411302700
1411302800
1411302900
1411303002
1411400100
1411400200
1411400300
1411500100
1411500200
1411500300
1411500400
1411500500
1411600100
1411600200
1411600300
1411600400
1411600500
1411600600
1411600700
1411600800
1411600900
1411601000
1411601100
1411601200
1411601300
1411601400
1411601500
1411700100
1411700200
1411700300
1411700400
1411800100
1411800202
1411800300
1411800400
1411800500
1411800600
1411800700
1411800800
1411800900
1411900100
1411900200
1411900300
1411900400
1411900500
1412000100
1412000200
1412000300
1412000400
1412000500
1412000600
1412000700
1412000800
1412000900
1412001000
1412001100
1412001200
1412100100
1412100200
1412100300
1412100400
1412100500
1412100600
1412100700
1412100800
1412100900
1412101000
1412200100
1412200200
1412200300
1412200400
1412200500
1412200600
1412200700
1412200800
1412300100
1412300200
1412300300
1412300400
1412300500
1412300600
1412300700
1412300800
1412300900
1412301000
1412301100
1412301200
1412301300
1412301400
1412400101
1412400102
1412400103
1412400104
1412500100
1412500200
1412500300
1412500400
1412500500
1412500600
1412500700
1412500800
1412500900
1412501000
1412501100
1412501200
1412501300
1412501400
1412501500
1412501600
1412600100
1412600200
1412600300
1412600400
1412600500
1412600600
1412600700
1412600800
1412600900
1412601000
1412601100
1412601200
1412601300
1412601400
1412601500
1412601600
1412601700
1412601800
1412601900
1412700100
1412700200
1412700300
1412700400
1412700500
1412700600
1412700700
1412700800
1412700900
1412701000
1412701100
1412701200
1412701300
1412701400
1412701500
1412701600
1412701700
1412701800
1412701900
1412702000
1412702100
1412702200
1412702300
1412702400
1412702500
1412702600
1412702700
1412702800
1412702900
1412703000
1412703100
1412703200
1412800100
1412800200
1412800300
1412800400
1412800500
1412800600
1412800700
1412800800
1412800900
1412801000
1412801100
1412801200
1412801300
1412801400
1412801500
1412801600
1412900100
1412900200
1412900300
1412900400
1412900500
1412900600
1412900700
1412900800
1412900900
1412901000
1412901100
1412901200
1412901300
1412901400
1412901500
1412901600
1412901700
1412901800
1412901900
1412902000
1412902102
1412902200
1412902300
1412902400
1412902500
1412902600
1412902700
1412902800
1412902900
1412903000
1413000100
1413000200
1413000300
1413000400
1413000500
1413000600
1413000700
1413000800
1413000900
1413001000
1413001100
1413001200
1413001300
1413001400
1413001500
1413001600
1413001700
1413001800
1413001900
1413002000
1413002100
1413002200
1413002300
1413002400
1413002500
1413002600
1413100100
1413100200
1413100300
1413100400
1413100500
1413100600
1413100700
1413100800
1413100900
1413101000
1413101100
1413101200
1413101300
1413101400
1413101500
1413101600
1413101700
1413101800
1413200101
1413200102
1413200103
1413300104
1413300105
1413300106
1413400107
1413400200
1413400300
1413400400
1413400500
1413400600
1413400700
1413400800
1413400900
1413401000
1413401100
1413500100
1413500200
1413500300
1413500400
1413500500
1413500600
1413500700
1413500800
1413600100
1413600200
1413600300
1413600400
1413600500
1413600600
1413600700
1413600800
1413600900
1413601000
1413601100
1413601200
1413601300
1413601400
1413601500
1413601600
1413601700
1413601800
1413601900
1413602000
1413602100
1413700100
1413700200
1413700300
1413700400
1413700500
1413700600
1413700700
1413700800
1413700900
1413701000
1413701100
1413701200
1413701300
1413701400
1413701500
1413701600
1413701700
1413701800
1413701900
1413702000
1413702100
1413702200
1413800100
1413800200
1413800300
1413800400
1413800500
1413800600
1413800700
1413800800
1413800900
1413801000
1413801100
1413801200
1413801300
1413801400
1413801500
1413801600
1413801700
1413900100
1413900200
1413900300
1413900400
1413900500
1413900600
1413900700
1413900800
1413900900
1414000100
1414000200
1414000300
1414000400
1414000500
1414000600
1414000700
1414000800
1414000900
1414001000
1414001100
1414001200
1414001300
1414001400
1414001500
1414001600
1414001700
1414001800
1414001900
1414002000
1414002100
1414002200
1414002300
1414002400
1547100100
1547100200
1547100300
1547100400
1547100500
1547100600
1547100700
1547100800
1547100900
1547101000
1547101100
1547101200
1547101300
1547101400
1547101500
1547101600
1547101700
1547101800
1547101900
1547102000
1547102100
1547102200
1547102300
1547102400
1547102500
1547102600
1547102700
1547102800
1547102900
1547103000
1547103100
1547103200
1547200100
1547200200
1547200300
1547200400
1547200500
1547200600
1547200700
1547200800
1547200900
1547201000
1547201100
1547201200
1547201300
1547201400
1547201500
1547201600
1547201700
1547201800
1547201900
1547202000
1547202100
1547202200
1547300100
1547300201
1547300202
1547300203
1547300300
1547300400
1547300500
1547300600
1547300700
1547300800
1547300900
1547301000
1547301100
1547301200
1547301300
1547301400
1547301500
1547301600
1547301700
1547301800
1547301900
1547302000
1547302100
1547400100
1547400200
1547400300
1547400400
1547400500
1547400600
1547400700
1547400800
1547400900
1547401000
1547401100
1547401200
1547401300
1547401400
1547401500
1547401600
1547401700
1547401800
1547401900
1547402000
1547402100
1547402200
1547402300
1547402400
1547402500
1547402600
1547402700
1547402800
1547402900
1547403000
1547403100
1547403200
1547403300
1547403400
1547403500
1547500100
1547500200
1547500300
1547500400
1547500500
1547500600
1547500700
1547500800
1547500900
1547501000
1547501100
1547501200
1547501300
1547501400
1547501500
1547501600
1547501700
1547501800
1547501900
1547502000
1547600103
1547600104
1547600105
1547700101
1547700102
1547700103
1547800104
1547800200
1547800300
1547800400
1547900101
1547900102
1547900103
1548000100
1548000200
1548000300
1548000400
1548000500
1548000600
1548000700
1548000800
1548100100
1548100200
1548100300
1548100400
1548100500
1548100600
1548100700
1548100800
1548100900
1548101000
1548101100
1548101200
1548101300
1548101400
1548101500
1548101600
1548101700
1548101800
1548101900
1548102000
1548102100
1548102200
1548102300
1548102400
1548102500
1548102600
1548102700
1548102800
1548102900
1548103000
1548103100
1548103200
1548200101
1548200102
1548200103
1548300104
1548300200
1548300300
1548300400
1548300500
1548300600
1548300700
1548300800
1548300900
1548400100
1548400200
1548400300
1548400400
1548400500
1548400600
1548400700
1548400800
1548400900
1548401000
1548401100
1548401200
1548401300
1548401400
1548401500
1548401600
1548401700
1548401800
1548401900
1548402003
1548402100
1548402200
1548402300
1548402400
1548402500
1548402600
1548402700
1548402800
1548500100
1548500200
1548500300
1548500400
1548500500
1548500600
1548500700
1548500800
1548500900
1548501000
1548501100
1548501200
1548501300
1548501400
1548501500
1548501600
1548501700
1548501800
1548501900
1548502000
1548502100
1548502200
1548502300
1548502400
1548502500
1548502600
1548502700
1548502800
1548502900
1548503000
1548503100
1548503200
1548503300
1548503400
1548503500
1548503600
1548503700
1548503800
1548503900
1548504000
1548504100
1548504200
1548504300
1548600100
1548600200
1548600300
1548600400
1548600500
1548600600
1548600700
1548600800
1548600900
1548601000
1548601100
1548601200
1548601300
1548601400
1548601500
1548601600
1548601700
1548601800
1548601900
1548602000
1548602100
1548602200
1548602300
1548602400
1548602500
1548602600
1548602700
1548602800
1548602900
1548603000
1548603100
1548603200
1548603300
1548603400
1548603500
1548700101
1548700102
1548800100
1548800200
1548800300
1548800400
1548800500
1548800600
1548800700
1548800800
1548800900
1548801000
1548801100
1548801200
1548801300
1548801400
1548801500
1548801600
1548801700
1548801800
1548801900
1548802000
1548802100
1548802200
1548802300
1548802400
1548802500
1548802600
1548802700
1548802800
1548802900
1548803000
1548803100
1548803200
1548803300
1548803400
1548803500
1548803600
1548803700
1548803800
1548803900
1548804000
1548804100
1548804200
1548804300
1548804400
1548804500
1548804600
1548804700
1548804800
1548804900
1548805000
1548805100
1548805200
1548805300
1548805400
1548805500
1548805600
1548805700
1548805800
1548805900
1548806000
1548900100
1548900200
1548900300
1548900400
1548900500
1548900600
1548900700
1548900800
1548900900
1548901000
1548901100
1548901200
1548901300
1548901400
1548901500
1548901600
1548901700
1548901800
1548901900
1548902000
1548902100
1548902200
1548902300
1548902400
1548902500
1548902600
1548902700
1548902800
1548902900
1548903000
1548903100
1548903200
1548903300
1548903400
1548903500
1548903600
1548903700
1548903800
1548903900
1548904000
1548904100
1549000100
1549000200
1549000300
1549000400
1549000500
1549000600
1549000700
1549000800
1549000900
1549001000
1549001100
1549001200
1549001300
1549001400
1549100100
1549100200
1549100300
1549100400
1549100500
1549100600
1549100700
1549100800
1549100900
1549101000
1549101100
1549101200
1549101300
1549101400
1549101500
1549101600
1549101700
1549101800
1549101900
1549102000
1549102100
1549102200
1549102300
1549102400
1549102500
1549102600
1549102700
1549102800
1549102900
1549103000
1549103100
1549103200
1549103300
1549103400
1549103500
1549103600
1549103700
1549103800
1549103900
1549104000
1549200100
1549200200
1549200300
1549200400
1549200500
1549200600
1549200700
1549200800
1549200900
1549201000
1549201100
1549201200
1549201300
1549201400
1549201500
1549201600
1549201700
1549201800
1549201900
1549202000
1549202100
1549202200
1549202300
1549202400
1549202500
1549202600
1549202700
1549202800
1549300101
1549300200
1549300300
1549300400
1549300500
1549300600
1549300700
1549300801
1549300802
1549400100
1549400200
1549400300
1549400400
1549400500
1549400600
1549400700
1549400800
1549400900
1549401000
1549401100
1549401200
1549401300
1549401400
1549401500
1549401600
1549401700
1549401800
1549401900
1549402000
1549402100
1549402200
1549402300
1549402400
1549402500
1549402600
1549402700
1549402800
1549402900
1549500100
1549500200
1549500300
1549500400
1549500500
1549500600
1549500700
1549500800
1549500900
1549501000
1549501100
1549501200
1549501300
1549501400
1549501500
1549501600
1549501700
1549501800
1549501900
1549502000
1549502100
1549502200
1549502300
1549502400
1549502500
1549502600
1549502700
1549502800
1549502900
1549503000
1549503100
1549503200
1549503300
1549503400
1549503500
1549503600
1549503700
1549503800
1549503900
1549504000
1549504100
1549504200
1549504300
1549504400
1549504500
1549600100
1549600200
1549600300
1549600400
1549600500
1549600600
1549600700
1549600800
1549600900
1549601000
1549601100
1549601200
1549601300
1549601400
1549601500
1549601600
1549601700
1549601800
1549601900
1549602000
1549602100
1549602200
1549602300
1549602400
1549602500
1549602600
1549602700
1549602800
1549602900
1549603000
1549603100
1549603200
1549603300
1549603400
1549603500
1549603600
1549603700
1549603800
1549603900
1549604000
1549604100
1549604200
1549604300
1549604400
1549604500
1549604600
1549604700
1549604800
1549604900
1549605000
1549605100
1549605200
1549605300
1549605400
1549605500
1549605600
1549605700
1549605800
1549605900
1549606000
1549606100
1549606200
1549606300
1549606400
1549606500
1549606600
1549606700
1549606800
1549606900
1549607000
1549700101
1549700102
1549800104
1549800200
1549800300
1549800401
1549800402
1549900106
1549900200
1549900300
1549900400
1549900500
1549900600
1549900700
1549900800
1549900900
1549901000
1549901100
1549901200
1549901300
1549901400
1549901500
1549901600
1549901700
1549901800
1549901900
1549902000
1549902100
1549902200
1549902300
1549902400
1550000100
1550000200
1550000300
1550000400
1550000500
1550000600
1550100100
1550100200
1550100300
1550100400
1550100500
1550100600
1550100700
1550100800
1550100900
1550101000
1550101100
1550101200
1550101300
1550101400
1550101500
1550101600
1550101700
1550101800
1550101900
1550102000
1550102100
1550102200
1550102300
1550102400
1550102500
1550102600
1550102700
1550102800
1550102900
1550103000
1550103100
1550200100
1550200200
1550200300
1550200400
1550200500
1550200600
1550200700
1550200800
1550200900
1550201000
1550201100
1550201200
1550201300
1550201400
1550201500
1550201600
1550201700
1550201800
1550201900
1550202000
1550202100
1550202200
1550202300
1550202400
1550202500
1550202600
1550202700
1550202800
1550202900
1550203000
1550203100
1550203200
1550203300
1550203400
1550203500
1550203600
1550300100
1550300200
1550300300
1550300400
1550300500
1550300600
1550300700
1550300800
1550300900
1550301000
1550301100
1550301200
1550301300
1550301400
1550301500
1550301600
1550301700
1550301800
1550301900
1550302000
1550302100
1550302200
1550302300
1550302400
1550302500
1550302600
1550302700
1550302800
1550302900
1550303000
1550303100
1550400100
1550400200
1550400300
1550400400
1550400500
1550400600
1550400700
1550400800
1550400900
1550401000
1550401100
1550401200
1550401300
1550401400
1550401500
1550401600
1550401700
1550401800
1550401900
1550402000
1550402100
1550402200
1550402300
1550402400
1550402500
1550402600
1550402700
1550402800
1550402900
1550403000
1550403100
1550403200
1550403300
1550403400
1550403522
1550403600
1550403700
1550403800
1550403900
1550500100
1550500200
1550500300
1550500400
1550500500
1550500600
1550500700
1550500800
1550500900
1550501000
1550501100
1550501200
1550501300
1550501400
1550501500
1550501600
1550501700
1550501800
1550501900
1550502000
1550502100
1550502200
1550502300
1550502400
1550502500
1550502600
1550502700
1550502800
1550502900
1550503000
1550503100
1550503200
1550503300
1550503400
1550503500
1550503600
1550503700
1550503800
1550503900
1550504000
1615000100
1615000200
1615000300
1615000400
1615000500
1615000600
1615000700
1615000800
1615000900
1615001000
1615001100
1615001200
1615001300
1615001400
1615001500
1615001600
1615001700
1615001800
1615001900
1615002000
1615100100
1615100200
1615100300
1615100400
1615100500
1615100600
1615100700
1615100800
1615100900
1615101000
1615101100
1615101200
1615101300
1615101400
1615101500
1615101600
1615101700
1615101800
1615101900
1615102000
1615102100
1615102200
1615102300
1615102400
1615102500
1615102600
1615102700
1615102800
1615102900
1615103000
1615103100
1615103200
1615103300
1615103400
1615103500
1615103600
1615103700
1615103800
1615103900
1615104000
1615104100
1615104200
1615104300
1615104400
1615104500
1615104600
1615104700
1615200100
1615200200
1615200300
1615200400
1615200500
1615200600
1615200700
1615200800
1615200900
1615201000
1615201100
1615201200
1615201300
1615201400
1615201500
1615201600
1615201700
1615300100
1615300200
1615300300
1615300400
1615300500
1615300600
1615300700
1615300800
1615300900
1615301000
1615301100
1615301200
1615301300
1615301400
1615301500
1615301600
1615301700
1615301800
1615301900
1615302000
1615302100
1615302200
1615302300
1615302400
1615302500
1615302600
1615302700
1615302800
1615302900
1615303000
1615303100
1615303200
1615303300
1615303400
1615303500
1615400101
1615400102
1615400103
1615500104
1615500200
1615500300
1615500400
1615500500
1615500600
1615500700
1615500800
1615500900
1615501000
1615501100
1615501200
1615501300
1615501400
1615501500
1615501600
1615501700
1615501800
1615501900
1615502000
1615502100
1615502200
1615502300
1615502400
1615502500
1615502600
1615502700
1615502800
1615502900
1615503000
1615503100
1615503200
1615600100
1615600200
1615600300
1615600400
1615600500
1615600600
1615600700
1615600800
1615600900
1615601000
1615601100
1615601200
1615601300
1615601400
1615601500
1615601600
1615601700
1615601800
1615601900
1615602000
1615602100
1615602200
1615602300
1615602400
1615602500
1615700100
1615700200
1615700300
1615700400
1615700500
1615700600
1615700700
1615700800
1615700900
1615701000
1615701100
1615701200
1615701300
1615701400
1615800100
1615800200
1615800300
1615800400
1615800500
1615800600
1615800700
1615800800
1615800900
1615801000
1615801100
1615801200
1615801300
1615801400
1615801500
1615801600
1615801700
1615801800
1615801900
1615802000
1615802100
1615900100
1615900200
1615900300
1615900400
1615900500
1615900600
1615900700
1615900800
1615900900
1615901000
1615901100
1615901200
1615901300
1615901400
1615901500
1615901600
1615901700
1615901800
1615901900
1615902000
1615902100
1615902200
1615902300
1615902400
1615902500
1615902600
1615902700
1615902800
1615902900
1615903000
1615903100
1615903200
1615903300
1615903400
1615903500
1615903600
1615903700
1615903800
1615903900
1616000100
1616000200
1616000300
1616000400
1616000500
1616000600
1616000700
1616000800
1616000900
1616001000
1616001100
1616001200
1616001300
1616001400
1616001500
1616100100
1616200100
1616200200
1616200300
1616200400
1616200500
1616200600
1616200700
1616200800
1616200900
1616201000
1616201100
1616201200
1616201300
1616201400
1616201500
1616201600
1616201700
1616201800
1616300100
1616300200
1616300300
1616300400
1616300500
1616300600
1616300700
1616300800
1616300900
1616301000
1616301100
1616301200
1616301300
1616301400
1616301500
1616301600
1616301700
1616400101
1616400102
1616500100
1616500200
1616500300
1616500400
1616500500
1616500600
1616500700
1616500800
1616500900
1616501000
1616501100
1616501200
1616501300
1616501400
1616501500
1616501601
1616600100
1616600200
1616600300
1616600401
1616700100
1616700200
1616700300
1616700400
1616700500
1616700600
1616700700
1616700800
1616700900
1616701000
1616701100
1616701200
1616701300
1616701400
1616701500
1616701600
1616701700
1616701800
1616701900
1616702000
1616702100
1616702200
1616702300
1616702400
1616702500
1616702600
1616800100
1616800200
1616800300
1616800400
1616800500
1616800600
1616800700
1616800800
1616800900
1616900100
1616900200
1616900300
1616900400
1616900500
1616900600
1616900700
1616900800
1616900900
1616901000
1616901100
1616901200
1616901300
1617000100
1617000200
1617000300
1617000400
1617000500
1617000700
1617000800
1617000900
1617001000
1617001100
1617001200
1617001300
1617001400
1617001500
1617001700
1617001800
1617001900
1715100100
1715100200
1715100300
1715100400
1715100500
1715100600
1715100700
1715100800
1715100900
1715101000
1715101100
1715101200
1715101300
1715101400
1715101500
1715101600
1715101700
1715101800
1715101900
1715102000
1715102100
1715102200
1715102300
1715102400
1715102500
1715102600
1715102700
1715102800
1715102900
1715103000
1715103100
1715103200
1715103300
1715103400
1715103500
1715103600
1715103700
1715103800
1715103900
1715104000
1715104100
1715104200
1715104300
1715104400
1715200100
1715200200
1715200300
1715200400
1715200500
1715200600
1715200700
1715200800
1715200900
1715201000
1715201100
1715201200
1715201300
1715201400
1715201500
1715201600
1715201700
1715201800
1715201900
1715202000
1715202100
1715202200
1715202300
1715202400
1715202500
1715202600
1715202700
1715202800
1715202900
1715203000
1715203100
1715203200
1715203300
1715203400
1715203500
1715203600
1715203700
1715203800
1715203900
1715204000
1715204100
1715204200
1715204300
1715204400
1715204500
1715204600
1715300100
1715300200
1715300300
1715300400
1715300500
1715300600
1715300700
1715300800
1715300900
1715301000
1715301100
1715301200
1715301300
1715301400
1715301500
1715301600
1715301700
1715301800
1715301900
1715302000
1715302100
1715302200
1715302300
1715302400
1715302500
1715302600
1715302700
1715302800
1715302900
1715303000
1715303100
1715303200
1715303300
1715303400
1715303500
1715303600
1715303700
1715303800
1715303900
1715304000
1715304100
1715304200
1715304300
1715304400
1715304500
1715304600
1715304700
1715304800
1715304900
1715305000
1715400100
1715400200
1715400300
1715400400
1715400500
1715400600
1715400700
1715400800
1715400900
1715401000
1715401100
1715401200
1715401300
1715401400
1715401500
1715401600
1715401700
1715401800
1715401900
1715402000
1715402100
1715402200
1715402300
1715402400
1715402500
1715402600
1715402700
1715402800
1715402900
1715500100
1715500200
1715500300
1715500400
1715500500
1715500600
1715500700
1715500800
1715500900
1715501000
1715501100
1715501200
1715501300
1715501400
1715501500
1715501600
1715600100
1715600200
1715600300
1715600400
1715600500
1715600600
1715600700
1715600800
1715600900
1715601000
1715601100
1715601200
1715601300
1715601400
1715601500
1715601600
1715601700
1715601800
1715601900
1715602000
1715602100
1715602200
1715602300
1715602400
1715602500
1715602600
1715602700
1715602800
1715602900
1715603000
1715603100
1715603200
1715603300
1715700100
1715700200
1715700300
1715700400
1715700500
1715800100
1715800200
1715800300
1715800400
1715800500
1715800600
1715800700
1715800800
1715900101
1715900102
1716000100
1716000200
1716000300
1716000400
1716000500
1716000600
1716000700
1716000800
1716000900
1716001000
1716001100
1716001200
1716001300
1716001400
1716001500
1716001600
1716001700
1716001800
1716001900
1716002000
1716002100
1716002200
1716002300
1716002400
1716002500
1716002600
1716100100
1716100200
1716100300
1716100400
1716100500
1716100600
1716100700
1716100800
1716100900
1716101000
1716101200
1716101300
1716101400
1716101500
1716101600
1716101700
1716101800
1716101900
1716102000
1716102100
1716102200
1716102300
1716102400
1716102500
1716102600
1716102700
1716102800
1716200100
1716200200
1716200300
1716200400
1716200500
1716200600
1716200700
1716200800
1716200900
1716201000
1716201100
1716201200
1716201300
1716201400
1716201500
1716201600
1716201700
1716201800
1716201900
1716202000
1716202100
1716202200
1716202300
1716202400
1716202500
1716202600
1716202700
1716202800
1716202900
1716203000
1716203100
1716203200
1716203300
1716300100
1716300200
1716300300
1716300400
1716300500
1716300600
1716300700
1716300800
1716300900
1716301000
1716301100
1716301200
1716301300
1716301400
1716301500
1716301600
1716301700
1716301800
1716301900
1716302000
1716302100
1716302200
1716302300
1716302400
1716302500
1716302600
1716302700
1716302800
1716302900
1716303000
1716303100
1716303200
1716303300
1716303400
1716400100
1716400200
1716400300
1716400400
1716400500
1716400600
1716400700
1716400800
1716400900
1716401000
1716401100
1716401200
1716401300
1716401400
1716401500
1716401600
1716401700
1716401800
1716401900
1716402000
1716402100
1716402200
1716402300
1716402400
1716402500
1716402600
1716402700
1716402800
1716500100
1716500200
1716500300
1716500400
1716500500
1716500600
1716500700
1716500800
1716500900
1716501000
1716501100
1716501200
1716501300
1716501400
1716501500
1716501600
1716501700
1716501800
1716501900
1716502000
1716502100
1716502200
1716502300
1716502400
1716502500
1716502600
1716502700
1716502800
1716502900
1716503000
1716503100
1716503200
1716503300
1716503400
1716503500
1716600100
1716600200
1716600300
1716600400
1716600500
1716600600
1716600700
1716600800
1716600900
1716601000
1716601100
1716601200
1716601300
1716601400
1716601500
1716601600
1716601700
1716601800
1716601900
1716602000
1716700100
1716700200
1716700300
1716700400
1716700500
1716700600
1716700700
1716700800
1716700900
1716701000
1716701100
1716701200
1716701300
1716800100
1716800200
1716800300
1716800400
1716800500
1716800600
1716800700
1716800800
1716800900
1716801000
1716801100
1716801200
1716801300
1716801400
1716801500
1716801600
1716801700
1716801800
1716801900
1716802000
1716802100
1716802200
1716802300
1716802400
1716802500
1716802600
1716802700
1716802800
1716802900
1716803000
1716803100
1716803200
1716803300
1716803400
1716803500
1716900100
1716900200
1716900300
1716900400
1716900500
1716900600
1716900700
1716900800
1716900900
1716901000
1716901100
1717000100
1717000200
1717000300
1717000400
1717000500
1717000600
1717000700
1717000800
1717000900
1717001000
1717001100
1717001200
1717001300
1717001400
1717001500
1717001600
1717001700
1717001800
1717001900
1717002000
1717002100
1717002200
1717002300
1717100100
1717100200
1717100300
1717100400
1717100500
1717200100
1717200200
1717200300
1717200400
1717200500
1717200600
1717200700
1717300103
1717300200
1717300300
1717300400
1717400100
1717400200
1717400300
1717400400
1717400500
1717400600
1717400700
1717400800
1717400900
1717401000
1717401100
1717401200
1717401300
1717401400
1717401500
1717401600
1717401700
1717401800
1717401900
1717402000
1717402100
1717402200
1717402300
1717402400
1717402500
1717402600
1717402700
1717402800
1717402900
1717403000
1717403100
1717403200
1717403300
1717403400
1717403500
1717403600
1717403700
1717403800
1717403900
1717404000
1717404100
1717404200
1717404300
1717404400
1717404500
1717404600
1717404700
1717404800
1717404900
1717405000
1717405100
1717405200
1717405300
1717405400
1717405500
1717405600
1717405700
1717405800
1717405900
1717406000
1717406100
1717406200
1717406300
1717406400
1717406500
1717406600
1717406700
1717406800
1717406900
1717407000
1717500100
1717500200
1717500300
1717500400
1717500500
1717500600
1717500700
1717500800
1717500900
1717501000
1717501100
1717501200
1717501300
1717501400
1717501500
1717501600
1717501700
1717501800
1717501900
1717502000
1717502100
1717502200
1717502300
1717502400
1717502500
1717502600
1717502700
1717502800
1717502900
1717503000
1717503100
1717503200
1717503300
1717503400
1717503500
1717503600
1717503700
1717503800
1717503900
1717504000
1717504100
1717504200
1717504300
1717504400
1717504500
1717504600
1717504700
1717504800
1717504900
1717505000
1717505100
1717505200
1717505300
1717505400
1717505500
1717505600
1717505700
1717505800
1717505900
1717506000
1717506100
1717506200
1717506300
1717506400
1717506500
1717506600
1717506700
1717506800
1717506900
1717507000
1717507100
1717507200
1717507300
1717507400
1717507500
1717507600
1717507700
1717507800
1717507900
1717508000
1717508100
1717508200
1717508300
1717508400
1717508500
1717508600
1717508700
1717508800
1717508900
1717600100
1717600200
1717600300
1717600400
1717600500
1717600600
1717600700
1717600800
1717600900
1717601000
1717601100
1717601200
1717601300
1717601400
1717601500
1717601600
1717601700
1717601800
1717601900
1717602000
1717602100
1717602200
1717602300
1717602400
1717602500
1717602600
1717602700
1717602800
1717602900
1717603000
1717603100
1717603200
1717603300
1717603400
1717603500
1717603600
1717603700
1717603800
1717603900
1717604000
1717604100
1717604200
1717604300
1717604400
1717604500
1717604600
1717604700
1717604800
1717604900
1717605000
1717605100
1717605200
1717605300
1717605400
1717605500
1717605600
1717605700
1717605800
1717605900
1717606000
1717606100
1717606200
1717606300
1717606400
1717700100
1717700200
1717700300
1717700400
1717700500
1717700600
1717700700
1717700800
1717700900
1717701000
1717701100
1717701200
1717701300
1717701400
1717701500
1717701600
1717701700
1717701800
1717701900
1717702000
1717702100
1717702200
1717702300
1717702400
1717702500
1717702600
1717702700
1717702800
1717702900
1717703000
1717703100
1717703200
1717800101
1717800102
1717800103
1717800104
1717900100
1717900200
1717900300
1717900400
1717900500
1717900600
1717900700
1717900800
1717900900
1717901000
1717901100
1717901200
1717901300
1717901400
1717901500
1717901600
1717901700
1717901800
1717901900
1717902000
1717902100
1717902200
1717902300
1717902400
1717902500
1717902600
1717902700
1717902800
1717902900
1717903000
1717903100
1717903200
1717903300
1717903400
1717903500
1717903600
1717903700
1717903800
1717903900
1717904000
1717904100
1717904200
1717904300
1717904400
1717904500
1717904600
1717904700
1717904800
1718000100
1718000200
1718000300
1718000400
1718000500
1718000600
1718000700
1718000800
1718000900
1718001000
1718001100
1718001200
1718100100
1718100200
1718100300
1718100400
1718100500
1718100600
1718100700
1718100800
1718100900
1718101000
1718101100
1718101200
1718101300
1718101400
1718101500
1718101600
1718101700
1718101800
1718101900
1718200100
1718200200
1718200300
1718200400
1718200500
1718200600
1718200700
1718200800
1718200900
1718201000
1718201100
1718201200
1718201300
1718201400
1718201500
1718201600
1718201700
1718300100
1718300200
1718300300
1718300400
1718300500
1718300600
1718300700
1718300800
1718300900
1718301000
1718301100
1718301200
1718301300
1718301400
1718301500
1718301600
1718301700
1718301800
1718301900
1718302000
1718302100
1718302200
1718302300
1718302400
1718302500
1718302600
1718302700
1718302800
1718302900
1718303000
1718303100
1718303200
1718303300
1718303400
1718303500
1718303600
1718303700
1718303800
1718400101
1718400102
1718400200
1718400300
1718400400
1718400500
1718400600
1718400700
1718400800
1718400900
1718500100
1718500200
1718500300
1718500400
1718500500
1718500600
1736600100
1736600200
1736600300
1736600400
1736600500
1736600600
1736600700
1736600800
1736600900
1736601000
1736700100
1736800101
1736900102
1737000103
